
cGAN_5pic_2y_train_2.42021.06.01--21:17:48 Epochs:150 Y_train is:2 Prediction gap:0, Reff

cGAN_5pic_2y_train_2.42021.06.02--03:40:22 Epochs:150 Y_train is:2 Prediction gap:0